755,100,102,657,103,116,117,118,33,103,657,657,657,119,123,39,33,657,33,657
33,120,122,657,23,657,657,100,102,657,657,116,118,7,33,71,119,33,7,119
100,102,33,103,55,120,122,657,657,119,123,657,100,37,102,119,4,101,70,657
33,657,119,123,87,657,20,118,123,100,102,120,122,71,27,100,70,33,123,103
33,119,100,102,33,103,87,657,119,33,657,116,118,657,59,119,657,123,119,123
100,6,657,657,23,27,103,657,33,33,27,657,123,657,59,657,119,100,102,657
33,71,23,657,87,91,657,657,100,102,91,119,7,119,91,33,123,116,118,123
103,33,87,123,657,33,123,33,657,33,33,657,68,5,102,657,33,657,33,103
657,103,657,119,4,102,119,657,33,33,33,120,122,39,33,27,657,103,24,122
33,33,33,657,71,33,657,123,23,33,657,33,657,71,33,91,7,33,91,657
657,103,23,120,122,23,27,33,87,123,657,33,123,33,123,657,39,33,103,33
119,123,87,657,103,55,91,103,657,657,103,657,23,657,33,657,71,23,33,123
123,657,33,116,117,86,7,119,33,103,33,657,87,657,657,103,657,87,123,119
33,123,100,102,657,123,68,102,657,123,657,23,27,119,103,657,119,123,103,27
657,33,33,119,33,103,657,123,100,102,33,87,91,33,657,119,657,103,657,91
103,33,103,123,103,657,123,119,123,657,119,657,119,103,120,122,103,33,119,657
657,123,119,33,657,100,101,102,33,4,101,102,33,657,23,33,657,657,657,657
123,103,123,23,33,119,33,33,657,71,120,122,657,116,86,123,657,657,657,123
103,33,657,55,657,657,657,7,20,117,118,657,657,7,123,33,103,657,123,33
119,120,122,55,657,119,123,39,55,657,657,123,119,68,102,123,657,103,33,561
