593,657,100,102,120,122,103,123,657,657,59,4,101,101,102,123,119,33,103,657
103,33,123,657,100,102,657,103,33,120,90,71,657,116,118,657,103,657,119,33
33,657,33,103,120,25,121,26,103,657,657,27,657,123,100,102,27,33,657,33
103,33,657,657,103,91,657,59,33,119,33,91,657,657,33,33,91,657,103,33
123,103,657,27,33,657,657,88,122,657,27,20,118,103,33,657,103,218,219,33
23,33,120,90,116,118,103,33,103,119,59,87,103,657,103,123,657,250,251,657
87,33,33,119,120,26,33,123,657,33,91,657,119,657,33,33,103,23,33,119
657,103,119,7,33,59,119,33,33,33,103,120,122,119,123,657,123,84,22,33
657,119,100,70,33,56,122,119,103,116,118,657,657,103,33,27,119,657,87,33
33,120,122,33,33,91,657,120,121,121,122,23,123,657,119,59,103,123,33,103
33,103,119,120,122,119,123,116,117,22,103,87,33,657,33,91,657,23,33,33
33,120,122,657,119,657,119,7,657,84,118,657,100,102,119,657,103,87,33,33
33,119,7,33,27,119,100,70,33,103,33,119,123,33,657,657,119,123,33,119
657,657,68,102,91,103,33,657,33,33,657,100,102,33,33,33,33,33,7,123
657,123,119,123,33,123,103,119,7,33,103,657,657,123,33,123,119,123,68,102
103,657,33,103,33,103,24,122,71,33,119,657,33,7,657,33,103,33,33,123
123,33,23,27,119,657,91,657,33,23,123,103,33,39,20,118,33,103,657,33
7,116,86,91,657,103,119,33,27,55,657,657,100,38,55,33,119,657,119,657
71,33,123,103,33,27,33,33,59,55,33,123,33,39,87,33,657,123,103,123
33,657,103,33,33,88,121,121,90,84,118,33,119,39,33,123,33,103,657,593
